45 -1005
126 -1008
180 -1011
240 -1005
297 -999
345 -1002
429.001 -982.799
477.101 -982.757
386.999 -1012.2
583 -999
624 -1002
517.899 -1000.24
696 -1008
738 -990
798 -978
849 -1002
897 -1005
1056.37 -1010.98
1016.02 -1013.2
960.609 -987.822
1107 -999
1167 -996
1218 -1002
1257 -990
1266 -927
1257 -870
1266 -819
1260 -759
1260 -699
1257 -630
1260 -567
1266 -519
1251 -453
1245 -360
1260 -300
1275 -405
1260 -234
1251 -195
1275 -144
1260.29 37.0036
1255.82 -104.204
1271.05 -63.8192
1290.83 199.649
1235 -5.09461
1268.36 102.727
1244.66 139.738
1260 231
1263 330.995
1263 290.005
1263 396
1260 456
1263 504
1248 555
1267.98 662.21
1246.02 612.79
1257 711
1251 762
1248 804
1266.3 839.827
1253.7 909.173
1251 954
1206 981
1143 987
1083 972
1029 966
987 984
924 978
870 990
828 972
759 984
702 978
654 984
609 990
543 999
477 990
399 975
372 927
387 879
378 837
378 762
378 684
375 627
375 579
381 519
369 462
372 405
372 357
372 300
378 246
366 198
366 141
375 87
366 36
369 -9
381 -72
372 -129
369 -177
291.367 -213.491
314.633 -149.509
252 -168
210 -183
174 -153
182.302 -92.125
249.185 -118.523
208.163 -124.56
311.349 -108.793
312 -63
249 -60
192 -45
180 6.00005
240 0
282 12
192 57
240 81
297 60
303 120
306 171
282 207
252 138
189 123
189 180
192 222
192 300
192 354
189 441
189 492
189 558
138 600
36 591
-24 609
-93 615
-156 609
-210 594
-291 600
-396 606
-441 579
-330 573
-438 630
-450 702
-444 756
-454.487 863.925
-445.513 810.075
-456 909
-453 951
-516 999
-606 1005
-663 1005
-753 1005
-822 1005
-939 993
-1044 996
-1101 999
-1200 972
-1260 999
-1317 981
-1359 975
-1164 996
-1353 876
-1365 810
-1362 696
-1356 630
-1347 555
-1347 498
-1350 435
-1347 372
-1341 321
-1344 267
-1369.98 206.21
-1348.02 156.79
-1341 75
-1341 -3.00002
-1350 -72
-1332 -132
-1341 -192
-1335 -264
-1344 -327
-1344 -372
-1341 -420
-1335 -498
-1326.75 -589.51
-1340.25 -544.49
-1344 -651
-1341 -705
-1347 -780
-1350 -843
-1365 -906
-1352.87 -974.315
-1326.13 -1008.69
-1281.57 -1016.03
-1217.43 -1020.97
-1170 -1017
-1107 -1017
-1032 -1017
-978 -996
-927 -1014
-867 -1017
-819 -1020
-753 -1017
-705 -1011
-654 -999
-592.342 -1021.86
-436.78 -1023.18
-498.397 -1006.41
-393.796 -1012.82
-357.781 -1040.67
-547.685 -1002.73
-326.219 -993.329
-230 -1008
-277 -1008
-183 -1020
-132 -1011
-81 -1011
-36 -1002
-930 444
-900 471
-864 453
-834 411
-915 378
-912 270
-909 225
-894.863 179.137
-921 78
-924 12
-924 -72
-927 -165
-933 -219
-918 -303
-915 -387
-906 -510
-909 -609
-888 -648
-842.346 -644.207
-774.654 -633.793
-732 -642
-630.194 -654.701
-671.806 -644.299
-558 -642
-483 -645
-423 -648
-221 -636
-262.735 -575.452
-327 -636
-156 -642
-78 -645
36 -642
108 -627
192 -624
279 -633
402 -636
522 -651
660 -669
774 -666
855 -648
858 -576
888 -444
861 -315
855 -189
852 -504
855 -93
870 -5.99998
867 63
867 141
858 234
870 300
870 402
864 465
861 552
870 645
849 681
722 666
790 666
753 561
744 621
741 489
756 381
750 312
762 222
768 114
750 36
747 -54
747 -102
756 -180
756 -249
744 -324
744 -393
759 -459
741 -528
696 -552
612 -546
555 -549
486 -552
405 -549
327 -540
252 -543
159 -552
72 -555
-24 -552
-120 -552
-189 -531
-216 -474
-213 -405
-219 -348
-219 -294
-222 -210
-222 -144
-228 -75
-228 -3.00002
-228 63
-228 159
-228 207
-367 216
-317 216
-462 213
-534 207
-696 204
-810 207
-627 201
-750 210
-855 270
-855 336
-711 -315
-513 -318
-762 -177
-669 -147
-579 -147
-450 -177
-381 -240
